179	782
185	134
20	77
225	24
238	213
241	23
259	185
269	51
273	71
280	222
283	74
284	37
285	62
287	47
302	5
304	402
309	1140
310	2120
311	3325
313	235
314	204
319	593
320	23
321	190
322	310
327	18
328	363
332	52
335	55
349	88
356	20
358	167
366	74
368	30
378	263
379	204
389	13
390	5
391	108
392	259
395	205
399	49
400	30
403	94
404	42
413	162
414	134
415	169
416	85
421	144
426	859
433	32
44	151
442	4
443	279
444	1687
445	126
453	206
465	268
478	193
482	1001
483	50
49	196
490	31
491	5
492	145
493	144
494	79
495	120
501	126
503	162
504	293
511	227
513	1
514	458
516	67
522	62
526	36
535	1344
537	248
539	880
54	117
546	15
556	1885
558	15
559	28
560	165
561	18
